Example:
编译：mpicc quick_sort.c Co quick
运行：可以使用命令 mpirun Cnp SIZE quick来运行该串匹配程序，其中SIZE是所使用的处理器个数。本实例中使用了SIZE=5个处理器。
　　mpirun Cnp 5 quick
运行结果：
Input the Data Size :60
　　16065     26466     27012      2161      2854     31479     21801     22610
    26153       188     13826      6363     18253      3942      8077      3404
      805     25489     13284      2272     26838     13709     21397     22386
    15184      8172     28482      1259       587     25292     22263     12147
    28420      4069      9038     20563     20660     27473      5188     10156
    21717      3358       474     14042      3860      3990     14955     30117
     1300     22089     27344     11822     14825     14815     27702     11156
    30031      9375      5050     10089

      188       474       587       805      1259      1300      2161      2272
     2854      3358      3404      3860      3942      3990      4069      5050
     5188      6363      8077      8172      9038      9375     10089     10156
    11156     11822     12147     13284     13709     13826     14042     14815
    14825     14955     15184     16065     18253     20563     20660     21397
    21717     21801     22089     22263     22386     22610     25292     25489
    26153     26466     26838     27012     27344     27473     27702     28420
　　28482     30031     30117     31479
说明：该运行实例中可以动态的输入待排序序列的长度，这里选择的是60。
